220 319
232 296
231 292
231 292
231 292
218 279
209 283
217 300
212 297
212 297
217 300
217 300
212 297
217 281
216 259
216 259
216 259
212 297
217 281
217 281
217 281
217 290
219 302
219 307
219 307
225 307
236 306
236 306
236 306
220 302
220 302
218 278
218 280
222 284
225 286
217 282
209 325
209 325
209 325
209 290
195 290
212 288
222 289
208 290
197 290
211 288
223 289
218 293
218 313
202 313
196 313
202 313
216 293
218 285
202 313
219 318
192 314
202 314
224 291
224 296
245 290
213 285
233 299
219 299
233 299
217 296
216 280
211 277
193 281
199 281
210 283
216 280
211 277
193 281
199 281
210 283
227 291
227 291
224 283
202 330
197 321
190 357
190 357
190 357
227 291
224 283
220 317
219 315
219 312
220 317
219 316
219 312
224 277
225 277
225 277
225 277
224 291
224 296
245 290
213 285
193 327
224 291
224 296
245 290
245 290
245 290
213 285
193 327
224 291
217 297
204 282
204 239
204 245
228 276
228 277
228 278
228 277
220 291
221 291
221 291
221 291
220 291
225 285
226 295
226 284
226 288
226 314
226 314
230 295
230 302
230 302
230 302
218 277
218 278
218 279
218 278
224 277
227 276
236 275
234 276
226 277
228 276
234 275
227 276
208 281
206 283
220 296
216 280
211 277
195 282
196 283
222 252
230 252
205 273
218 290
222 293
222 291
223 283
227 303
228 296
230 298
